#	x	y
   0.01000	  -0.25000	
   0.02000	  -0.24999	
   0.03000	  -0.24997	
   0.04000	  -0.24995	
   0.05000	  -0.24992	
   0.06000	  -0.24989	
   0.07000	  -0.24985	
   0.08000	  -0.24980	
   0.09000	  -0.24975	
   0.10000	  -0.24969	
   0.11000	  -0.24962	
   0.12000	  -0.24955	
   0.13000	  -0.24947	
   0.14000	  -0.24939	
   0.15000	  -0.24930	
   0.16000	  -0.24920	
   0.17000	  -0.24910	
   0.18000	  -0.24899	
   0.19000	  -0.24887	
   0.20000	  -0.24875	
   0.21000	  -0.24862	
   0.22000	  -0.24849	
   0.23000	  -0.24835	
   0.24000	  -0.24820	
   0.25000	  -0.24805	
   0.26000	  -0.24789	
   0.27000	  -0.24772	
   0.28000	  -0.24755	
   0.29000	  -0.24738	
   0.30000	  -0.24719	
   0.31000	  -0.24700	
   0.32000	  -0.24681	
   0.33000	  -0.24660	
   0.34000	  -0.24640	
   0.35000	  -0.24618	
   0.36000	  -0.24596	
   0.37000	  -0.24573	
   0.38000	  -0.24550	
   0.39000	  -0.24526	
   0.40000	  -0.24502	
   0.41000	  -0.24476	
   0.42000	  -0.24451	
   0.43000	  -0.24424	
   0.44000	  -0.24397	
   0.45000	  -0.24370	
   0.46000	  -0.24342	
   0.47000	  -0.24313	
   0.48000	  -0.24283	
   0.49000	  -0.24253	
   0.50000	  -0.24223	
   0.51000	  -0.24192	
   0.52000	  -0.24160	
   0.53000	  -0.24127	
   0.54000	  -0.24094	
   0.55000	  -0.24061	
   0.56000	  -0.24026	
   0.57000	  -0.23991	
   0.58000	  -0.23956	
   0.59000	  -0.23920	
   0.60000	  -0.23883	
   0.61000	  -0.23846	
   0.62000	  -0.23808	
   0.63000	  -0.23770	
   0.64000	  -0.23731	
   0.65000	  -0.23691	
   0.66000	  -0.23651	
   0.67000	  -0.23610	
   0.68000	  -0.23569	
   0.69000	  -0.23527	
   0.70000	  -0.23484	
   0.71000	  -0.23441	
   0.72000	  -0.23397	
   0.73000	  -0.23353	
   0.74000	  -0.23308	
   0.75000	  -0.23263	
   0.76000	  -0.23217	
   0.77000	  -0.23170	
   0.78000	  -0.23123	
   0.79000	  -0.23075	
   0.80000	  -0.23026	
   0.81000	  -0.22978	
   0.82000	  -0.22928	
   0.83000	  -0.22878	
   0.84000	  -0.22827	
   0.85000	  -0.22776	
   0.86000	  -0.22724	
   0.87000	  -0.22672	
   0.88000	  -0.22619	
   0.89000	  -0.22565	
   0.90000	  -0.22511	
   0.91000	  -0.22456	
   0.92000	  -0.22401	
   0.93000	  -0.22345	
   0.94000	  -0.22289	
   0.95000	  -0.22232	
   0.96000	  -0.22175	
   0.97000	  -0.22117	
   0.98000	  -0.22058	
   0.99000	  -0.21999	
   1.00000	  -0.21940	
   1.01000	  -0.21879	
   1.02000	  -0.21819	
   1.03000	  -0.21757	
   1.04000	  -0.21695	
   1.05000	  -0.21633	
   1.06000	  -0.21570	
   1.07000	  -0.21507	
   1.08000	  -0.21443	
   1.09000	  -0.21378	
   1.10000	  -0.21313	
   1.11000	  -0.21247	
   1.12000	  -0.21181	
   1.13000	  -0.21115	
   1.14000	  -0.21047	
   1.15000	  -0.20980	
   1.16000	  -0.20912	
   1.17000	  -0.20843	
   1.18000	  -0.20773	
   1.19000	  -0.20704	
   1.20000	  -0.20633	
   1.21000	  -0.20563	
   1.22000	  -0.20491	
   1.23000	  -0.20419	
   1.24000	  -0.20347	
   1.25000	  -0.20274	
   1.26000	  -0.20201	
   1.27000	  -0.20127	
   1.28000	  -0.20052	
   1.29000	  -0.19977	
   1.30000	  -0.19902	
   1.31000	  -0.19826	
   1.32000	  -0.19750	
   1.33000	  -0.19673	
   1.34000	  -0.19596	
   1.35000	  -0.19518	
   1.36000	  -0.19439	
   1.37000	  -0.19360	
   1.38000	  -0.19281	
   1.39000	  -0.19201	
   1.40000	  -0.19121	
   1.41000	  -0.19040	
   1.42000	  -0.18959	
   1.43000	  -0.18877	
   1.44000	  -0.18795	
   1.45000	  -0.18712	
   1.46000	  -0.18629	
   1.47000	  -0.18546	
   1.48000	  -0.18462	
   1.49000	  -0.18377	
   1.50000	  -0.18292	
   1.51000	  -0.18207	
   1.52000	  -0.18121	
   1.53000	  -0.18035	
   1.54000	  -0.17948	
   1.55000	  -0.17860	
   1.56000	  -0.17773	
   1.57000	  -0.17685	
   1.58000	  -0.17596	
   1.59000	  -0.17507	
   1.60000	  -0.17418	
   1.61000	  -0.17328	
   1.62000	  -0.17237	
   1.63000	  -0.17147	
   1.64000	  -0.17055	
   1.65000	  -0.16964	
   1.66000	  -0.16872	
   1.67000	  -0.16779	
   1.68000	  -0.16687	
   1.69000	  -0.16593	
   1.70000	  -0.16500	
   1.71000	  -0.16405	
   1.72000	  -0.16311	
   1.73000	  -0.16216	
   1.74000	  -0.16121	
   1.75000	  -0.16025	
   1.76000	  -0.15929	
   1.77000	  -0.15832	
   1.78000	  -0.15735	
   1.79000	  -0.15638	
   1.80000	  -0.15540	
   1.81000	  -0.15442	
   1.82000	  -0.15344	
   1.83000	  -0.15245	
   1.84000	  -0.15145	
   1.85000	  -0.15046	
   1.86000	  -0.14946	
   1.87000	  -0.14845	
   1.88000	  -0.14745	
   1.89000	  -0.14644	
   1.90000	  -0.14542	
   1.91000	  -0.14440	
   1.92000	  -0.14338	
   1.93000	  -0.14235	
   1.94000	  -0.14132	
   1.95000	  -0.14029	
   1.96000	  -0.13926	
   1.97000	  -0.13822	
   1.98000	  -0.13717	
   1.99000	  -0.13613	
   2.00000	  -0.13508	
   2.01000	  -0.13402	
   2.02000	  -0.13296	
   2.03000	  -0.13190	
   2.04000	  -0.13084	
   2.05000	  -0.12977	
   2.06000	  -0.12870	
   2.07000	  -0.12763	
   2.08000	  -0.12655	
   2.09000	  -0.12548	
   2.10000	  -0.12439	
   2.11000	  -0.12331	
   2.12000	  -0.12222	
   2.13000	  -0.12113	
   2.14000	  -0.12003	
   2.15000	  -0.11893	
   2.16000	  -0.11783	
   2.17000	  -0.11673	
   2.18000	  -0.11562	
   2.19000	  -0.11451	
   2.20000	  -0.11340	
   2.21000	  -0.11228	
   2.22000	  -0.11117	
   2.23000	  -0.11004	
   2.24000	  -0.10892	
   2.25000	  -0.10779	
   2.26000	  -0.10666	
   2.27000	  -0.10553	
   2.28000	  -0.10440	
   2.29000	  -0.10326	
   2.30000	  -0.10212	
   2.31000	  -0.10098	
   2.32000	  -0.09983	
   2.33000	  -0.09869	
   2.34000	  -0.09754	
   2.35000	  -0.09639	
   2.36000	  -0.09523	
   2.37000	  -0.09407	
   2.38000	  -0.09291	
   2.39000	  -0.09175	
   2.40000	  -0.09059	
   2.41000	  -0.08942	
   2.42000	  -0.08825	
   2.43000	  -0.08708	
   2.44000	  -0.08591	
   2.45000	  -0.08474	
   2.46000	  -0.08356	
   2.47000	  -0.08238	
   2.48000	  -0.08120	
   2.49000	  -0.08002	
   2.50000	  -0.07883	
   2.51000	  -0.07764	
   2.52000	  -0.07645	
   2.53000	  -0.07526	
   2.54000	  -0.07407	
   2.55000	  -0.07288	
   2.56000	  -0.07168	
   2.57000	  -0.07048	
   2.58000	  -0.06928	
   2.59000	  -0.06808	
   2.60000	  -0.06687	
   2.61000	  -0.06567	
   2.62000	  -0.06446	
   2.63000	  -0.06325	
   2.64000	  -0.06204	
   2.65000	  -0.06083	
   2.66000	  -0.05962	
   2.67000	  -0.05840	
   2.68000	  -0.05719	
   2.69000	  -0.05597	
   2.70000	  -0.05475	
   2.71000	  -0.05353	
   2.72000	  -0.05231	
   2.73000	  -0.05109	
   2.74000	  -0.04986	
   2.75000	  -0.04864	
   2.76000	  -0.04741	
   2.77000	  -0.04618	
   2.78000	  -0.04495	
   2.79000	  -0.04372	
   2.80000	  -0.04249	
   2.81000	  -0.04126	
   2.82000	  -0.04003	
   2.83000	  -0.03879	
   2.84000	  -0.03756	
   2.85000	  -0.03632	
   2.86000	  -0.03508	
   2.87000	  -0.03384	
   2.88000	  -0.03261	
   2.89000	  -0.03137	
   2.90000	  -0.03013	
   2.91000	  -0.02888	
   2.92000	  -0.02764	
   2.93000	  -0.02640	
   2.94000	  -0.02516	
   2.95000	  -0.02391	
   2.96000	  -0.02267	
   2.97000	  -0.02142	
   2.98000	  -0.02018	
   2.99000	  -0.01893	
   3.00000	  -0.01768	
   3.01000	  -0.01644	
   3.02000	  -0.01519	
   3.03000	  -0.01394	
   3.04000	  -0.01269	
   3.05000	  -0.01145	
   3.06000	  -0.01020	
   3.07000	  -0.00895	
   3.08000	  -0.00770	
   3.09000	  -0.00645	
   3.10000	  -0.00520	
   3.11000	  -0.00395	
   3.12000	  -0.00270	
   3.13000	  -0.00145	
   3.14000	  -0.00020	
   3.15000	   0.00105	
   3.16000	   0.00230	
   3.17000	   0.00355	
   3.18000	   0.00480	
   3.19000	   0.00605	
   3.20000	   0.00730	
   3.21000	   0.00855	
   3.22000	   0.00980	
   3.23000	   0.01105	
   3.24000	   0.01230	
   3.25000	   0.01354	
   3.26000	   0.01479	
   3.27000	   0.01604	
   3.28000	   0.01729	
   3.29000	   0.01853	
   3.30000	   0.01978	
   3.31000	   0.02103	
   3.32000	   0.02227	
   3.33000	   0.02352	
   3.34000	   0.02476	
   3.35000	   0.02600	
   3.36000	   0.02725	
   3.37000	   0.02849	
   3.38000	   0.02973	
   3.39000	   0.03097	
   3.40000	   0.03221	
   3.41000	   0.03345	
   3.42000	   0.03469	
   3.43000	   0.03593	
   3.44000	   0.03716	
   3.45000	   0.03840	
   3.46000	   0.03963	
   3.47000	   0.04087	
   3.48000	   0.04210	
   3.49000	   0.04333	
   3.50000	   0.04456	
   3.51000	   0.04579	
   3.52000	   0.04702	
   3.53000	   0.04825	
   3.54000	   0.04947	
   3.55000	   0.05070	
   3.56000	   0.05192	
   3.57000	   0.05314	
   3.58000	   0.05436	
   3.59000	   0.05558	
   3.60000	   0.05680	
   3.61000	   0.05802	
   3.62000	   0.05923	
   3.63000	   0.06045	
   3.64000	   0.06166	
   3.65000	   0.06287	
   3.66000	   0.06408	
   3.67000	   0.06529	
   3.68000	   0.06649	
   3.69000	   0.06769	
   3.70000	   0.06890	
   3.71000	   0.07010	
   3.72000	   0.07130	
   3.73000	   0.07249	
   3.74000	   0.07369	
   3.75000	   0.07488	
   3.76000	   0.07607	
   3.77000	   0.07726	
   3.78000	   0.07845	
   3.79000	   0.07964	
   3.80000	   0.08082	
   3.81000	   0.08200	
   3.82000	   0.08318	
   3.83000	   0.08436	
   3.84000	   0.08554	
   3.85000	   0.08671	
   3.86000	   0.08788	
   3.87000	   0.08905	
   3.88000	   0.09022	
   3.89000	   0.09138	
   3.90000	   0.09255	
   3.91000	   0.09371	
   3.92000	   0.09486	
   3.93000	   0.09602	
   3.94000	   0.09717	
   3.95000	   0.09832	
   3.96000	   0.09947	
   3.97000	   0.10062	
   3.98000	   0.10176	
   3.99000	   0.10290	
   4.00000	   0.10404	
   4.01000	   0.10517	
   4.02000	   0.10630	
   4.03000	   0.10743	
   4.04000	   0.10856	
   4.05000	   0.10969	
   4.06000	   0.11081	
   4.07000	   0.11193	
   4.08000	   0.11304	
   4.09000	   0.11416	
   4.10000	   0.11527	
   4.11000	   0.11638	
   4.12000	   0.11748	
   4.13000	   0.11858	
   4.14000	   0.11968	
   4.15000	   0.12078	
   4.16000	   0.12187	
   4.17000	   0.12296	
   4.18000	   0.12405	
   4.19000	   0.12513	
   4.20000	   0.12621	
   4.21000	   0.12729	
   4.22000	   0.12836	
   4.23000	   0.12943	
   4.24000	   0.13050	
   4.25000	   0.13157	
   4.26000	   0.13263	
   4.27000	   0.13369	
   4.28000	   0.13474	
   4.29000	   0.13579	
   4.30000	   0.13684	
   4.31000	   0.13788	
   4.32000	   0.13892	
   4.33000	   0.13996	
   4.34000	   0.14100	
   4.35000	   0.14203	
   4.36000	   0.14305	
   4.37000	   0.14408	
   4.38000	   0.14510	
   4.39000	   0.14611	
   4.40000	   0.14712	
   4.41000	   0.14813	
   4.42000	   0.14914	
   4.43000	   0.15014	
   4.44000	   0.15114	
   4.45000	   0.15213	
   4.46000	   0.15312	
   4.47000	   0.15411	
   4.48000	   0.15509	
   4.49000	   0.15607	
   4.50000	   0.15704	
   4.51000	   0.15801	
   4.52000	   0.15898	
   4.53000	   0.15994	
   4.54000	   0.16090	
   4.55000	   0.16186	
   4.56000	   0.16281	
   4.57000	   0.16375	
   4.58000	   0.16470	
   4.59000	   0.16563	
   4.60000	   0.16657	
   4.61000	   0.16750	
   4.62000	   0.16842	
   4.63000	   0.16935	
   4.64000	   0.17026	
   4.65000	   0.17118	
   4.66000	   0.17209	
   4.67000	   0.17299	
   4.68000	   0.17389	
   4.69000	   0.17479	
   4.70000	   0.17568	
   4.71000	   0.17657	
   4.72000	   0.17745	
   4.73000	   0.17833	
   4.74000	   0.17920	
   4.75000	   0.18007	
   4.76000	   0.18093	
   4.77000	   0.18179	
   4.78000	   0.18265	
   4.79000	   0.18350	
   4.80000	   0.18435	
   4.81000	   0.18519	
   4.82000	   0.18603	
   4.83000	   0.18686	
   4.84000	   0.18769	
   4.85000	   0.18851	
   4.86000	   0.18933	
   4.87000	   0.19014	
   4.88000	   0.19095	
   4.89000	   0.19176	
   4.90000	   0.19256	
   4.91000	   0.19335	
   4.92000	   0.19414	
   4.93000	   0.19493	
   4.94000	   0.19571	
   4.95000	   0.19648	
   4.96000	   0.19725	
   4.97000	   0.19802	
   4.98000	   0.19878	
   4.99000	   0.19953	
   5.00000	   0.20029	
   5.01000	   0.20103	
   5.02000	   0.20177	
   5.03000	   0.20251	
   5.04000	   0.20324	
   5.05000	   0.20396	
   5.06000	   0.20468	
   5.07000	   0.20540	
   5.08000	   0.20611	
   5.09000	   0.20681	
   5.10000	   0.20751	
   5.11000	   0.20821	
   5.12000	   0.20890	
   5.13000	   0.20958	
   5.14000	   0.21026	
   5.15000	   0.21093	
   5.16000	   0.21160	
   5.17000	   0.21226	
   5.18000	   0.21292	
   5.19000	   0.21357	
   5.20000	   0.21422	
   5.21000	   0.21486	
   5.22000	   0.21550	
   5.23000	   0.21613	
   5.24000	   0.21676	
   5.25000	   0.21738	
   5.26000	   0.21799	
   5.27000	   0.21860	
   5.28000	   0.21920	
   5.29000	   0.21980	
   5.30000	   0.22040	
   5.31000	   0.22098	
   5.32000	   0.22156	
   5.33000	   0.22214	
   5.34000	   0.22271	
   5.35000	   0.22328	
   5.36000	   0.22384	
   5.37000	   0.22439	
   5.38000	   0.22494	
   5.39000	   0.22548	
   5.40000	   0.22602	
   5.41000	   0.22655	
   5.42000	   0.22707	
   5.43000	   0.22759	
   5.44000	   0.22811	
   5.45000	   0.22862	
   5.46000	   0.22912	
   5.47000	   0.22962	
   5.48000	   0.23011	
   5.49000	   0.23060	
   5.50000	   0.23108	
   5.51000	   0.23155	
   5.52000	   0.23202	
   5.53000	   0.23248	
   5.54000	   0.23294	
   5.55000	   0.23339	
   5.56000	   0.23383	
   5.57000	   0.23427	
   5.58000	   0.23471	
   5.59000	   0.23513	
   5.60000	   0.23556	
   5.61000	   0.23597	
   5.62000	   0.23638	
   5.63000	   0.23678	
   5.64000	   0.23718	
   5.65000	   0.23757	
   5.66000	   0.23796	
   5.67000	   0.23834	
   5.68000	   0.23872	
   5.69000	   0.23908	
   5.70000	   0.23945	
   5.71000	   0.23980	
   5.72000	   0.24015	
   5.73000	   0.24050	
   5.74000	   0.24084	
   5.75000	   0.24117	
   5.76000	   0.24149	
   5.77000	   0.24181	
   5.78000	   0.24213	
   5.79000	   0.24244	
   5.80000	   0.24274	
   5.81000	   0.24304	
   5.82000	   0.24333	
   5.83000	   0.24361	
   5.84000	   0.24389	
   5.85000	   0.24416	
   5.86000	   0.24442	
   5.87000	   0.24468	
   5.88000	   0.24494	
   5.89000	   0.24518	
   5.90000	   0.24543	
   5.91000	   0.24566	
   5.92000	   0.24589	
   5.93000	   0.24611	
   5.94000	   0.24633	
   5.95000	   0.24654	
   5.96000	   0.24674	
   5.97000	   0.24694	
   5.98000	   0.24713	
   5.99000	   0.24732	
   6.00000	   0.24750	
   6.01000	   0.24767	
   6.02000	   0.24784	
   6.03000	   0.24800	
   6.04000	   0.24815	
   6.05000	   0.24830	
   6.06000	   0.24844	
   6.07000	   0.24858	
   6.08000	   0.24871	
   6.09000	   0.24883	
   6.10000	   0.24895	
   6.11000	   0.24906	
   6.12000	   0.24917	
   6.13000	   0.24927	
   6.14000	   0.24936	
   6.15000	   0.24945	
   6.16000	   0.24953	
   6.17000	   0.24960	
   6.18000	   0.24967	
   6.19000	   0.24973	
   6.20000	   0.24978	
   6.21000	   0.24983	
   6.22000	   0.24987	
   6.23000	   0.24991	
   6.24000	   0.24994	
   6.25000	   0.24997	
   6.26000	   0.24998	
   6.27000	   0.24999	
   6.28000	   0.25000	
   6.29000	   0.25000	
   6.30000	   0.24999	
   6.31000	   0.24998	
   6.32000	   0.24996	
   6.33000	   0.24993	
   6.34000	   0.24990	
   6.35000	   0.24986	
   6.36000	   0.24982	
   6.37000	   0.24976	
   6.38000	   0.24971	
   6.39000	   0.24964	
   6.40000	   0.24957	
   6.41000	   0.24950	
   6.42000	   0.24941	
   6.43000	   0.24933	
   6.44000	   0.24923	
   6.45000	   0.24913	
   6.46000	   0.24902	
   6.47000	   0.24891	
   6.48000	   0.24879	
   6.49000	   0.24866	
   6.50000	   0.24853	
   6.51000	   0.24839	
   6.52000	   0.24825	
   6.53000	   0.24810	
   6.54000	   0.24794	
   6.55000	   0.24778	
   6.56000	   0.24761	
   6.57000	   0.24743	
   6.58000	   0.24725	
   6.59000	   0.24706	
   6.60000	   0.24687	
   6.61000	   0.24667	
   6.62000	   0.24646	
   6.63000	   0.24625	
   6.64000	   0.24603	
   6.65000	   0.24581	
   6.66000	   0.24558	
   6.67000	   0.24534	
   6.68000	   0.24509	
   6.69000	   0.24485	
   6.70000	   0.24459	
   6.71000	   0.24433	
   6.72000	   0.24406	
   6.73000	   0.24379	
   6.74000	   0.24351	
   6.75000	   0.24322	
   6.76000	   0.24293	
   6.77000	   0.24263	
   6.78000	   0.24233	
   6.79000	   0.24202	
   6.80000	   0.24170	
   6.81000	   0.24138	
   6.82000	   0.24105	
   6.83000	   0.24071	
   6.84000	   0.24037	
   6.85000	   0.24003	
   6.86000	   0.23967	
   6.87000	   0.23932	
   6.88000	   0.23895	
   6.89000	   0.23858	
   6.90000	   0.23820	
   6.91000	   0.23782	
   6.92000	   0.23743	
   6.93000	   0.23704	
   6.94000	   0.23664	
   6.95000	   0.23623	
   6.96000	   0.23582	
   6.97000	   0.23540	
   6.98000	   0.23498	
   6.99000	   0.23455	
   7.00000	   0.23411	
   7.01000	   0.23367	
   7.02000	   0.23323	
   7.03000	   0.23277	
   7.04000	   0.23231	
   7.05000	   0.23185	
   7.06000	   0.23138	
   7.07000	   0.23090	
   7.08000	   0.23042	
   7.09000	   0.22993	
   7.10000	   0.22944	
   7.11000	   0.22894	
   7.12000	   0.22843	
   7.13000	   0.22792	
   7.14000	   0.22741	
   7.15000	   0.22688	
   7.16000	   0.22636	
   7.17000	   0.22582	
   7.18000	   0.22528	
   7.19000	   0.22474	
   7.20000	   0.22419	
   7.21000	   0.22363	
   7.22000	   0.22307	
   7.23000	   0.22250	
   7.24000	   0.22193	
   7.25000	   0.22135	
   7.26000	   0.22077	
   7.27000	   0.22018	
   7.28000	   0.21959	
   7.29000	   0.21899	
   7.30000	   0.21838	
   7.31000	   0.21777	
   7.32000	   0.21715	
   7.33000	   0.21653	
   7.34000	   0.21590	
   7.35000	   0.21527	
   7.36000	   0.21463	
   7.37000	   0.21399	
   7.38000	   0.21334	
   7.39000	   0.21268	
   7.40000	   0.21202	
   7.41000	   0.21136	
   7.42000	   0.21069	
   7.43000	   0.21001	
   7.44000	   0.20933	
   7.45000	   0.20865	
   7.46000	   0.20796	
   7.47000	   0.20726	
   7.48000	   0.20656	
   7.49000	   0.20585	
   7.50000	   0.20514	
   7.51000	   0.20442	
   7.52000	   0.20370	
   7.53000	   0.20297	
   7.54000	   0.20224	
   7.55000	   0.20150	
   7.56000	   0.20076	
   7.57000	   0.20001	
   7.58000	   0.19926	
   7.59000	   0.19850	
   7.60000	   0.19774	
   7.61000	   0.19697	
   7.62000	   0.19620	
   7.63000	   0.19542	
   7.64000	   0.19464	
   7.65000	   0.19386	
   7.66000	   0.19306	
   7.67000	   0.19227	
   7.68000	   0.19147	
   7.69000	   0.19066	
   7.70000	   0.18985	
   7.71000	   0.18903	
   7.72000	   0.18821	
   7.73000	   0.18739	
   7.74000	   0.18656	
   7.75000	   0.18572	
   7.76000	   0.18488	
   7.77000	   0.18404	
   7.78000	   0.18319	
   7.79000	   0.18234	
   7.80000	   0.18148	
   7.81000	   0.18062	
   7.82000	   0.17975	
   7.83000	   0.17888	
   7.84000	   0.17801	
   7.85000	   0.17713	
   7.86000	   0.17624	
   7.87000	   0.17535	
   7.88000	   0.17446	
   7.89000	   0.17356	
   7.90000	   0.17266	
   7.91000	   0.17176	
   7.92000	   0.17085	
   7.93000	   0.16993	
   7.94000	   0.16901	
   7.95000	   0.16809	
   7.96000	   0.16716	
   7.97000	   0.16623	
   7.98000	   0.16529	
   7.99000	   0.16435	
   8.00000	   0.16341	
   8.01000	   0.16246	
   8.02000	   0.16151	
   8.03000	   0.16055	
   8.04000	   0.15959	
   8.05000	   0.15863	
   8.06000	   0.15766	
   8.07000	   0.15669	
   8.08000	   0.15571	
   8.09000	   0.15473	
   8.10000	   0.15375	
   8.11000	   0.15276	
   8.12000	   0.15177	
   8.13000	   0.15078	
   8.14000	   0.14978	
   8.15000	   0.14877	
   8.16000	   0.14777	
   8.17000	   0.14676	
   8.18000	   0.14574	
   8.19000	   0.14473	
   8.20000	   0.14371	
   8.21000	   0.14268	
   8.22000	   0.14165	
   8.23000	   0.14062	
   8.24000	   0.13959	
   8.25000	   0.13855	
   8.26000	   0.13750	
   8.27000	   0.13646	
   8.28000	   0.13541	
   8.29000	   0.13436	
   8.30000	   0.13330	
   8.31000	   0.13224	
   8.32000	   0.13118	
   8.33000	   0.13011	
   8.34000	   0.12905	
   8.35000	   0.12797	
   8.36000	   0.12690	
   8.37000	   0.12582	
   8.38000	   0.12474	
   8.39000	   0.12365	
   8.40000	   0.12256	
   8.41000	   0.12147	
   8.42000	   0.12038	
   8.43000	   0.11928	
   8.44000	   0.11818	
   8.45000	   0.11708	
   8.46000	   0.11597	
   8.47000	   0.11487	
   8.48000	   0.11375	
   8.49000	   0.11264	
   8.50000	   0.11152	
   8.51000	   0.11040	
   8.52000	   0.10928	
   8.53000	   0.10815	
   8.54000	   0.10702	
   8.55000	   0.10589	
   8.56000	   0.10476	
   8.57000	   0.10362	
   8.58000	   0.10248	
   8.59000	   0.10134	
   8.60000	   0.10020	
   8.61000	   0.09905	
   8.62000	   0.09790	
   8.63000	   0.09675	
   8.64000	   0.09560	
   8.65000	   0.09444	
   8.66000	   0.09328	
   8.67000	   0.09212	
   8.68000	   0.09096	
   8.69000	   0.08979	
   8.70000	   0.08863	
   8.71000	   0.08746	
   8.72000	   0.08629	
   8.73000	   0.08511	
   8.74000	   0.08393	
   8.75000	   0.08276	
   8.76000	   0.08158	
   8.77000	   0.08039	
   8.78000	   0.07921	
   8.79000	   0.07802	
   8.80000	   0.07683	
   8.81000	   0.07564	
   8.82000	   0.07445	
   8.83000	   0.07326	
   8.84000	   0.07206	
   8.85000	   0.07086	
   8.86000	   0.06966	
   8.87000	   0.06846	
   8.88000	   0.06726	
   8.89000	   0.06605	
   8.90000	   0.06485	
   8.91000	   0.06364	
   8.92000	   0.06243	
   8.93000	   0.06122	
   8.94000	   0.06001	
   8.95000	   0.05879	
   8.96000	   0.05758	
   8.97000	   0.05636	
   8.98000	   0.05514	
   8.99000	   0.05392	
   9.00000	   0.05270	
   9.01000	   0.05148	
   9.02000	   0.05025	
   9.03000	   0.04903	
   9.04000	   0.04780	
   9.05000	   0.04657	
   9.06000	   0.04534	
   9.07000	   0.04411	
   9.08000	   0.04288	
   9.09000	   0.04165	
   9.10000	   0.04042	
   9.11000	   0.03918	
   9.12000	   0.03795	
   9.13000	   0.03671	
   9.14000	   0.03548	
   9.15000	   0.03424	
   9.16000	   0.03300	
   9.17000	   0.03176	
   9.18000	   0.03052	
   9.19000	   0.02928	
   9.20000	   0.02804	
   9.21000	   0.02680	
   9.22000	   0.02555	
   9.23000	   0.02431	
   9.24000	   0.02306	
   9.25000	   0.02182	
   9.26000	   0.02057	
   9.27000	   0.01933	
   9.28000	   0.01808	
   9.29000	   0.01683	
   9.30000	   0.01559	
   9.31000	   0.01434	
   9.32000	   0.01309	
   9.33000	   0.01184	
   9.34000	   0.01059	
   9.35000	   0.00935	
   9.36000	   0.00810	
   9.37000	   0.00685	
   9.38000	   0.00560	
   9.39000	   0.00435	
   9.40000	   0.00310	
   9.41000	   0.00185	
   9.42000	   0.00060	
   9.43000	  -0.00065	
   9.44000	  -0.00190	
   9.45000	  -0.00315	
   9.46000	  -0.00440	
   9.47000	  -0.00565	
   9.48000	  -0.00690	
   9.49000	  -0.00815	
   9.50000	  -0.00940	
   9.51000	  -0.01065	
   9.52000	  -0.01190	
   9.53000	  -0.01315	
   9.54000	  -0.01439	
   9.55000	  -0.01564	
   9.56000	  -0.01689	
   9.57000	  -0.01814	
   9.58000	  -0.01938	
   9.59000	  -0.02063	
   9.60000	  -0.02187	
   9.61000	  -0.02312	
   9.62000	  -0.02436	
   9.63000	  -0.02561	
   9.64000	  -0.02685	
   9.65000	  -0.02809	
   9.66000	  -0.02933	
   9.67000	  -0.03058	
   9.68000	  -0.03182	
   9.69000	  -0.03306	
   9.70000	  -0.03429	
   9.71000	  -0.03553	
   9.72000	  -0.03677	
   9.73000	  -0.03800	
   9.74000	  -0.03924	
   9.75000	  -0.04047	
   9.76000	  -0.04171	
   9.77000	  -0.04294	
   9.78000	  -0.04417	
   9.79000	  -0.04540	
   9.80000	  -0.04663	
   9.81000	  -0.04786	
   9.82000	  -0.04908	
   9.83000	  -0.05031	
   9.84000	  -0.05153	
   9.85000	  -0.05275	
   9.86000	  -0.05397	
   9.87000	  -0.05519	
   9.88000	  -0.05641	
   9.89000	  -0.05763	
   9.90000	  -0.05885	
   9.91000	  -0.06006	
   9.92000	  -0.06127	
   9.93000	  -0.06248	
   9.94000	  -0.06369	
   9.95000	  -0.06490	
   9.96000	  -0.06611	
   9.97000	  -0.06731	
   9.98000	  -0.06851	
   9.99000	  -0.06972	
  10.00000	  -0.07092	
  10.01000	  -0.07211	
  10.02000	  -0.07331	
  10.03000	  -0.07450	
  10.04000	  -0.07570	
  10.05000	  -0.07689	
  10.06000	  -0.07807	
  10.07000	  -0.07926	
  10.08000	  -0.08045	
  10.09000	  -0.08163	
  10.10000	  -0.08281	
  10.11000	  -0.08399	
  10.12000	  -0.08516	
  10.13000	  -0.08634	
  10.14000	  -0.08751	
  10.15000	  -0.08868	
  10.16000	  -0.08985	
  10.17000	  -0.09101	
  10.18000	  -0.09218	
  10.19000	  -0.09334	
  10.20000	  -0.09449	
  10.21000	  -0.09565	
  10.22000	  -0.09680	
  10.23000	  -0.09796	
  10.24000	  -0.09910	
  10.25000	  -0.10025	
  10.26000	  -0.10139	
  10.27000	  -0.10254	
  10.28000	  -0.10367	
  10.29000	  -0.10481	
  10.30000	  -0.10594	
  10.31000	  -0.10707	
  10.32000	  -0.10820	
  10.33000	  -0.10933	
  10.34000	  -0.11045	
  10.35000	  -0.11157	
  10.36000	  -0.11269	
  10.37000	  -0.11380	
  10.38000	  -0.11491	
  10.39000	  -0.11602	
  10.40000	  -0.11713	
  10.41000	  -0.11823	
  10.42000	  -0.11933	
  10.43000	  -0.12043	
  10.44000	  -0.12152	
  10.45000	  -0.12261	
  10.46000	  -0.12370	
  10.47000	  -0.12479	
  10.48000	  -0.12587	
  10.49000	  -0.12695	
  10.50000	  -0.12802	
  10.51000	  -0.12909	
  10.52000	  -0.13016	
  10.53000	  -0.13123	
  10.54000	  -0.13229	
  10.55000	  -0.13335	
  10.56000	  -0.13440	
  10.57000	  -0.13546	
  10.58000	  -0.13651	
  10.59000	  -0.13755	
  10.60000	  -0.13859	
  10.61000	  -0.13963	
  10.62000	  -0.14067	
  10.63000	  -0.14170	
  10.64000	  -0.14273	
  10.65000	  -0.14375	
  10.66000	  -0.14477	
  10.67000	  -0.14579	
  10.68000	  -0.14680	
  10.69000	  -0.14781	
  10.70000	  -0.14882	
  10.71000	  -0.14982	
  10.72000	  -0.15082	
  10.73000	  -0.15182	
  10.74000	  -0.15281	
  10.75000	  -0.15379	
  10.76000	  -0.15478	
  10.77000	  -0.15576	
  10.78000	  -0.15673	
  10.79000	  -0.15770	
  10.80000	  -0.15867	
  10.81000	  -0.15964	
  10.82000	  -0.16060	
  10.83000	  -0.16155	
  10.84000	  -0.16250	
  10.85000	  -0.16345	
  10.86000	  -0.16440	
  10.87000	  -0.16534	
  10.88000	  -0.16627	
  10.89000	  -0.16720	
  10.90000	  -0.16813	
  10.91000	  -0.16905	
  10.92000	  -0.16997	
  10.93000	  -0.17089	
  10.94000	  -0.17180	
  10.95000	  -0.17270	
  10.96000	  -0.17360	
  10.97000	  -0.17450	
  10.98000	  -0.17539	
  10.99000	  -0.17628	
  11.00000	  -0.17717	
  11.01000	  -0.17805	
  11.02000	  -0.17892	
  11.03000	  -0.17979	
  11.04000	  -0.18066	
  11.05000	  -0.18152	
  11.06000	  -0.18238	
  11.07000	  -0.18323	
  11.08000	  -0.18408	
  11.09000	  -0.18492	
  11.10000	  -0.18576	
  11.11000	  -0.18660	
  11.12000	  -0.18743	
  11.13000	  -0.18825	
  11.14000	  -0.18907	
  11.15000	  -0.18989	
  11.16000	  -0.19070	
  11.17000	  -0.19150	
  11.18000	  -0.19230	
  11.19000	  -0.19310	
  11.20000	  -0.19389	
  11.21000	  -0.19468	
  11.22000	  -0.19546	
  11.23000	  -0.19624	
  11.24000	  -0.19701	
  11.25000	  -0.19778	
  11.26000	  -0.19854	
  11.27000	  -0.19929	
  11.28000	  -0.20005	
  11.29000	  -0.20079	
  11.30000	  -0.20154	
  11.31000	  -0.20227	
  11.32000	  -0.20301	
  11.33000	  -0.20373	
  11.34000	  -0.20445	
  11.35000	  -0.20517	
  11.36000	  -0.20588	
  11.37000	  -0.20659	
  11.38000	  -0.20729	
  11.39000	  -0.20799	
  11.40000	  -0.20868	
  11.41000	  -0.20936	
  11.42000	  -0.21004	
  11.43000	  -0.21072	
  11.44000	  -0.21139	
  11.45000	  -0.21205	
  11.46000	  -0.21271	
  11.47000	  -0.21337	
  11.48000	  -0.21402	
  11.49000	  -0.21466	
  11.50000	  -0.21530	
  11.51000	  -0.21593	
  11.52000	  -0.21656	
  11.53000	  -0.21718	
  11.54000	  -0.21780	
  11.55000	  -0.21841	
  11.56000	  -0.21901	
  11.57000	  -0.21961	
  11.58000	  -0.22021	
  11.59000	  -0.22080	
  11.60000	  -0.22138	
  11.61000	  -0.22196	
  11.62000	  -0.22253	
  11.63000	  -0.22310	
  11.64000	  -0.22366	
  11.65000	  -0.22421	
  11.66000	  -0.22476	
  11.67000	  -0.22531	
  11.68000	  -0.22585	
  11.69000	  -0.22638	
  11.70000	  -0.22691	
  11.71000	  -0.22743	
  11.72000	  -0.22795	
  11.73000	  -0.22846	
  11.74000	  -0.22896	
  11.75000	  -0.22946	
  11.76000	  -0.22995	
  11.77000	  -0.23044	
  11.78000	  -0.23092	
  11.79000	  -0.23140	
  11.80000	  -0.23187	
  11.81000	  -0.23233	
  11.82000	  -0.23279	
  11.83000	  -0.23325	
  11.84000	  -0.23369	
  11.85000	  -0.23413	
  11.86000	  -0.23457	
  11.87000	  -0.23500	
  11.88000	  -0.23542	
  11.89000	  -0.23584	
  11.90000	  -0.23625	
  11.91000	  -0.23666	
  11.92000	  -0.23706	
  11.93000	  -0.23745	
  11.94000	  -0.23784	
  11.95000	  -0.23822	
  11.96000	  -0.23860	
  11.97000	  -0.23897	
  11.98000	  -0.23933	
  11.99000	  -0.23969	
  12.00000	  -0.24004	
  12.01000	  -0.24039	
  12.02000	  -0.24073	
  12.03000	  -0.24106	
  12.04000	  -0.24139	
  12.05000	  -0.24171	
  12.06000	  -0.24203	
  12.07000	  -0.24234	
  12.08000	  -0.24264	
  12.09000	  -0.24294	
  12.10000	  -0.24323	
  12.11000	  -0.24352	
  12.12000	  -0.24380	
  12.13000	  -0.24407	
  12.14000	  -0.24434	
  12.15000	  -0.24460	
  12.16000	  -0.24486	
  12.17000	  -0.24511	
  12.18000	  -0.24535	
  12.19000	  -0.24559	
  12.20000	  -0.24582	
  12.21000	  -0.24604	
  12.22000	  -0.24626	
  12.23000	  -0.24647	
  12.24000	  -0.24668	
  12.25000	  -0.24688	
  12.26000	  -0.24707	
  12.27000	  -0.24726	
  12.28000	  -0.24744	
  12.29000	  -0.24762	
  12.30000	  -0.24779	
  12.31000	  -0.24795	
  12.32000	  -0.24811	
  12.33000	  -0.24826	
  12.34000	  -0.24840	
  12.35000	  -0.24854	
  12.36000	  -0.24867	
  12.37000	  -0.24880	
  12.38000	  -0.24891	
  12.39000	  -0.24903	
  12.40000	  -0.24914	
  12.41000	  -0.24924	
  12.42000	  -0.24933	
  12.43000	  -0.24942	
  12.44000	  -0.24950	
  12.45000	  -0.24958	
  12.46000	  -0.24965	
  12.47000	  -0.24971	
  12.48000	  -0.24977	
  12.49000	  -0.24982	
  12.50000	  -0.24986	
  12.51000	  -0.24990	
  12.52000	  -0.24993	
  12.53000	  -0.24996	
  12.54000	  -0.24998	
  12.55000	  -0.24999	
  12.56000	  -0.25000	
  12.57000	  -0.25000	
  12.58000	  -0.24999	
  12.59000	  -0.24998	
  12.60000	  -0.24996	
  12.61000	  -0.24994	
  12.62000	  -0.24991	
  12.63000	  -0.24987	
  12.64000	  -0.24983	
  12.65000	  -0.24978	
  12.66000	  -0.24973	
  12.67000	  -0.24966	
  12.68000	  -0.24960	
  12.69000	  -0.24952	
  12.70000	  -0.24944	
  12.71000	  -0.24936	
  12.72000	  -0.24926	
  12.73000	  -0.24916	
  12.74000	  -0.24906	
  12.75000	  -0.24895	
  12.76000	  -0.24883	
  12.77000	  -0.24870	
  12.78000	  -0.24857	
  12.79000	  -0.24844	
  12.80000	  -0.24830	
  12.81000	  -0.24815	
  12.82000	  -0.24799	
  12.83000	  -0.24783	
  12.84000	  -0.24766	
  12.85000	  -0.24749	
  12.86000	  -0.24731	
  12.87000	  -0.24712	
  12.88000	  -0.24693	
  12.89000	  -0.24673	
  12.90000	  -0.24653	
  12.91000	  -0.24632	
  12.92000	  -0.24610	
  12.93000	  -0.24588	
  12.94000	  -0.24565	
  12.95000	  -0.24541	
  12.96000	  -0.24517	
  12.97000	  -0.24493	
  12.98000	  -0.24467	
  12.99000	  -0.24441	
  13.00000	  -0.24415	
  13.01000	  -0.24387	
  13.02000	  -0.24360	
  13.03000	  -0.24331	
  13.04000	  -0.24302	
  13.05000	  -0.24273	
  13.06000	  -0.24242	
  13.07000	  -0.24211	
  13.08000	  -0.24180	
  13.09000	  -0.24148	
  13.10000	  -0.24115	
  13.11000	  -0.24082	
  13.12000	  -0.24048	
  13.13000	  -0.24014	
  13.14000	  -0.23979	
  13.15000	  -0.23943	
  13.16000	  -0.23907	
  13.17000	  -0.23870	
  13.18000	  -0.23832	
  13.19000	  -0.23794	
  13.20000	  -0.23756	
  13.21000	  -0.23717	
  13.22000	  -0.23677	
  13.23000	  -0.23636	
  13.24000	  -0.23595	
  13.25000	  -0.23554	
  13.26000	  -0.23511	
  13.27000	  -0.23469	
  13.28000	  -0.23425	
  13.29000	  -0.23381	
  13.30000	  -0.23337	
  13.31000	  -0.23292	
  13.32000	  -0.23246	
  13.33000	  -0.23200	
  13.34000	  -0.23153	
  13.35000	  -0.23105	
  13.36000	  -0.23057	
  13.37000	  -0.23009	
  13.38000	  -0.22960	
  13.39000	  -0.22910	
  13.40000	  -0.22860	
  13.41000	  -0.22809	
  13.42000	  -0.22757	
  13.43000	  -0.22705	
  13.44000	  -0.22653	
  13.45000	  -0.22599	
  13.46000	  -0.22546	
  13.47000	  -0.22491	
  13.48000	  -0.22437	
  13.49000	  -0.22381	
  13.50000	  -0.22325	
  13.51000	  -0.22269	
  13.52000	  -0.22211	
  13.53000	  -0.22154	
  13.54000	  -0.22096	
  13.55000	  -0.22037	
  13.56000	  -0.21978	
  13.57000	  -0.21918	
  13.58000	  -0.21857	
  13.59000	  -0.21796	
  13.60000	  -0.21735	
  13.61000	  -0.21673	
  13.62000	  -0.21610	
  13.63000	  -0.21547	
  13.64000	  -0.21484	
  13.65000	  -0.21419	
  13.66000	  -0.21355	
  13.67000	  -0.21289	
  13.68000	  -0.21224	
  13.69000	  -0.21157	
  13.70000	  -0.21090	
  13.71000	  -0.21023	
  13.72000	  -0.20955	
  13.73000	  -0.20887	
  13.74000	  -0.20818	
  13.75000	  -0.20748	
  13.76000	  -0.20678	
  13.77000	  -0.20608	
  13.78000	  -0.20537	
  13.79000	  -0.20465	
  13.80000	  -0.20393	
  13.81000	  -0.20321	
  13.82000	  -0.20247	
  13.83000	  -0.20174	
  13.84000	  -0.20100	
  13.85000	  -0.20025	
  13.86000	  -0.19950	
  13.87000	  -0.19875	
  13.88000	  -0.19798	
  13.89000	  -0.19722	
  13.90000	  -0.19645	
  13.91000	  -0.19567	
  13.92000	  -0.19489	
  13.93000	  -0.19411	
  13.94000	  -0.19332	
  13.95000	  -0.19252	
  13.96000	  -0.19172	
  13.97000	  -0.19092	
  13.98000	  -0.19011	
  13.99000	  -0.18929	
  14.00000	  -0.18848	
  14.01000	  -0.18765	
  14.02000	  -0.18682	
  14.03000	  -0.18599	
  14.04000	  -0.18515	
  14.05000	  -0.18431	
  14.06000	  -0.18346	
  14.07000	  -0.18261	
  14.08000	  -0.18176	
  14.09000	  -0.18090	
  14.10000	  -0.18003	
  14.11000	  -0.17916	
  14.12000	  -0.17829	
  14.13000	  -0.17741	
  14.14000	  -0.17653	
  14.15000	  -0.17564	
  14.16000	  -0.17475	
  14.17000	  -0.17385	
  14.18000	  -0.17295	
  14.19000	  -0.17205	
  14.20000	  -0.17114	
  14.21000	  -0.17022	
  14.22000	  -0.16931	
  14.23000	  -0.16838	
  14.24000	  -0.16746	
  14.25000	  -0.16653	
  14.26000	  -0.16559	
  14.27000	  -0.16465	
  14.28000	  -0.16371	
  14.29000	  -0.16276	
  14.30000	  -0.16181	
  14.31000	  -0.16086	
  14.32000	  -0.15990	
  14.33000	  -0.15894	
  14.34000	  -0.15797	
  14.35000	  -0.15700	
  14.36000	  -0.15603	
  14.37000	  -0.15505	
  14.38000	  -0.15406	
  14.39000	  -0.15308	
  14.40000	  -0.15209	
  14.41000	  -0.15109	
  14.42000	  -0.15010	
  14.43000	  -0.14909	
  14.44000	  -0.14809	
  14.45000	  -0.14708	
  14.46000	  -0.14607	
  14.47000	  -0.14505	
  14.48000	  -0.14403	
  14.49000	  -0.14301	
  14.50000	  -0.14198	
  14.51000	  -0.14095	
  14.52000	  -0.13992	
  14.53000	  -0.13888	
  14.54000	  -0.13784	
  14.55000	  -0.13679	
  14.56000	  -0.13574	
  14.57000	  -0.13469	
  14.58000	  -0.13364	
  14.59000	  -0.13258	
  14.60000	  -0.13152	
  14.61000	  -0.13045	
  14.62000	  -0.12939	
  14.63000	  -0.12832	
  14.64000	  -0.12724	
  14.65000	  -0.12616	
  14.66000	  -0.12508	
  14.67000	  -0.12400	
  14.68000	  -0.12291	
  14.69000	  -0.12182	
  14.70000	  -0.12073	
  14.71000	  -0.11963	
  14.72000	  -0.11853	
  14.73000	  -0.11743	
  14.74000	  -0.11633	
  14.75000	  -0.11522	
  14.76000	  -0.11411	
  14.77000	  -0.11299	
  14.78000	  -0.11188	
  14.79000	  -0.11076	
  14.80000	  -0.10964	
  14.81000	  -0.10851	
  14.82000	  -0.10738	
  14.83000	  -0.10625	
  14.84000	  -0.10512	
  14.85000	  -0.10399	
  14.86000	  -0.10285	
  14.87000	  -0.10171	
  14.88000	  -0.10056	
  14.89000	  -0.09942	
  14.90000	  -0.09827	
  14.91000	  -0.09712	
  14.92000	  -0.09597	
  14.93000	  -0.09481	
  14.94000	  -0.09365	
  14.95000	  -0.09249	
  14.96000	  -0.09133	
  14.97000	  -0.09017	
  14.98000	  -0.08900	
  14.99000	  -0.08783	
  15.00000	  -0.08666	
  15.01000	  -0.08549	
  15.02000	  -0.08431	
  15.03000	  -0.08313	
  15.04000	  -0.08195	
  15.05000	  -0.08077	
  15.06000	  -0.07959	
  15.07000	  -0.07840	
  15.08000	  -0.07721	
  15.09000	  -0.07602	
  15.10000	  -0.07483	
  15.11000	  -0.07364	
  15.12000	  -0.07244	
  15.13000	  -0.07124	
  15.14000	  -0.07004	
  15.15000	  -0.06884	
  15.16000	  -0.06764	
  15.17000	  -0.06644	
  15.18000	  -0.06523	
  15.19000	  -0.06402	
  15.20000	  -0.06281	
  15.21000	  -0.06160	
  15.22000	  -0.06039	
  15.23000	  -0.05918	
  15.24000	  -0.05796	
  15.25000	  -0.05675	
  15.26000	  -0.05553	
  15.27000	  -0.05431	
  15.28000	  -0.05309	
  15.29000	  -0.05187	
  15.30000	  -0.05064	
  15.31000	  -0.04942	
  15.32000	  -0.04819	
  15.33000	  -0.04696	
  15.34000	  -0.04574	
  15.35000	  -0.04451	
  15.36000	  -0.04328	
  15.37000	  -0.04204	
  15.38000	  -0.04081	
  15.39000	  -0.03958	
  15.40000	  -0.03834	
  15.41000	  -0.03711	
  15.42000	  -0.03587	
  15.43000	  -0.03463	
  15.44000	  -0.03340	
  15.45000	  -0.03216	
  15.46000	  -0.03092	
  15.47000	  -0.02968	
  15.48000	  -0.02843	
  15.49000	  -0.02719	
  15.50000	  -0.02595	
  15.51000	  -0.02470	
  15.52000	  -0.02346	
  15.53000	  -0.02222	
  15.54000	  -0.02097	
  15.55000	  -0.01972	
  15.56000	  -0.01848	
  15.57000	  -0.01723	
  15.58000	  -0.01598	
  15.59000	  -0.01474	
  15.60000	  -0.01349	
  15.61000	  -0.01224	
  15.62000	  -0.01099	
  15.63000	  -0.00974	
  15.64000	  -0.00849	
  15.65000	  -0.00724	
  15.66000	  -0.00599	
  15.67000	  -0.00475	
  15.68000	  -0.00350	
  15.69000	  -0.00225	
  15.70000	  -0.00100	
  15.71000	   0.00025	
  15.72000	   0.00150	
  15.73000	   0.00275	
  15.74000	   0.00400	
  15.75000	   0.00525	
  15.76000	   0.00650	
  15.77000	   0.00775	
  15.78000	   0.00900	
  15.79000	   0.01025	
  15.80000	   0.01150	
  15.81000	   0.01275	
  15.82000	   0.01400	
  15.83000	   0.01525	
  15.84000	   0.01649	
  15.85000	   0.01774	
  15.86000	   0.01899	
  15.87000	   0.02023	
  15.88000	   0.02148	
  15.89000	   0.02272	
  15.90000	   0.02397	
  15.91000	   0.02521	
  15.92000	   0.02645	
  15.93000	   0.02770	
  15.94000	   0.02894	
  15.95000	   0.03018	
  15.96000	   0.03142	
  15.97000	   0.03266	
  15.98000	   0.03390	
  15.99000	   0.03514	
  16.00000	   0.03637	
  16.01000	   0.03761	
  16.02000	   0.03885	
  16.03000	   0.04008	
  16.04000	   0.04131	
  16.05000	   0.04255	
  16.06000	   0.04378	
  16.07000	   0.04501	
  16.08000	   0.04624	
  16.09000	   0.04746	
  16.10000	   0.04869	
  16.11000	   0.04992	
  16.12000	   0.05114	
  16.13000	   0.05236	
  16.14000	   0.05359	
  16.15000	   0.05481	
  16.16000	   0.05602	
  16.17000	   0.05724	
  16.18000	   0.05846	
  16.19000	   0.05967	
  16.20000	   0.06089	
  16.21000	   0.06210	
  16.22000	   0.06331	
  16.23000	   0.06452	
  16.24000	   0.06572	
  16.25000	   0.06693	
  16.26000	   0.06813	
  16.27000	   0.06933	
  16.28000	   0.07053	
  16.29000	   0.07173	
  16.30000	   0.07293	
  16.31000	   0.07412	
  16.32000	   0.07532	
  16.33000	   0.07651	
  16.34000	   0.07770	
  16.35000	   0.07888	
  16.36000	   0.08007	
  16.37000	   0.08125	
  16.38000	   0.08243	
  16.39000	   0.08361	
  16.40000	   0.08479	
  16.41000	   0.08596	
  16.42000	   0.08714	
  16.43000	   0.08831	
  16.44000	   0.08947	
  16.45000	   0.09064	
  16.46000	   0.09180	
  16.47000	   0.09297	
  16.48000	   0.09413	
  16.49000	   0.09528	
  16.50000	   0.09644	
  16.51000	   0.09759	
  16.52000	   0.09874	
  16.53000	   0.09989	
  16.54000	   0.10103	
  16.55000	   0.10217	
  16.56000	   0.10331	
  16.57000	   0.10445	
  16.58000	   0.10558	
  16.59000	   0.10671	
  16.60000	   0.10784	
  16.61000	   0.10897	
  16.62000	   0.11009	
  16.63000	   0.11121	
  16.64000	   0.11233	
  16.65000	   0.11345	
  16.66000	   0.11456	
  16.67000	   0.11567	
  16.68000	   0.11678	
  16.69000	   0.11788	
  16.70000	   0.11898	
  16.71000	   0.12008	
  16.72000	   0.12117	
  16.73000	   0.12227	
  16.74000	   0.12335	
  16.75000	   0.12444	
  16.76000	   0.12552	
  16.77000	   0.12660	
  16.78000	   0.12768	
  16.79000	   0.12875	
  16.80000	   0.12982	
  16.81000	   0.13089	
  16.82000	   0.13195	
  16.83000	   0.13301	
  16.84000	   0.13407	
  16.85000	   0.13512	
  16.86000	   0.13617	
  16.87000	   0.13722	
  16.88000	   0.13826	
  16.89000	   0.13930	
  16.90000	   0.14034	
  16.91000	   0.14137	
  16.92000	   0.14240	
  16.93000	   0.14343	
  16.94000	   0.14445	
  16.95000	   0.14547	
  16.96000	   0.14648	
  16.97000	   0.14749	
  16.98000	   0.14850	
  16.99000	   0.14950	
  17.00000	   0.15050	
  17.01000	   0.15150	
  17.02000	   0.15249	
  17.03000	   0.15348	
  17.04000	   0.15446	
  17.05000	   0.15545	
  17.06000	   0.15642	
  17.07000	   0.15740	
  17.08000	   0.15837	
  17.09000	   0.15933	
  17.10000	   0.16029	
  17.11000	   0.16125	
  17.12000	   0.16220	
  17.13000	   0.16315	
  17.14000	   0.16410	
  17.15000	   0.16504	
  17.16000	   0.16597	
  17.17000	   0.16691	
  17.18000	   0.16784	
  17.19000	   0.16876	
  17.20000	   0.16968	
  17.21000	   0.17060	
  17.22000	   0.17151	
  17.23000	   0.17241	
  17.24000	   0.17332	
  17.25000	   0.17422	
  17.26000	   0.17511	
  17.27000	   0.17600	
  17.28000	   0.17689	
  17.29000	   0.17777	
  17.30000	   0.17864	
  17.31000	   0.17952	
  17.32000	   0.18038	
  17.33000	   0.18125	
  17.34000	   0.18211	
  17.35000	   0.18296	
  17.36000	   0.18381	
  17.37000	   0.18465	
  17.38000	   0.18549	
  17.39000	   0.18633	
  17.40000	   0.18716	
  17.41000	   0.18799	
  17.42000	   0.18881	
  17.43000	   0.18963	
  17.44000	   0.19044	
  17.45000	   0.19125	
  17.46000	   0.19205	
  17.47000	   0.19285	
  17.48000	   0.19364	
  17.49000	   0.19443	
  17.50000	   0.19521	
  17.51000	   0.19599	
  17.52000	   0.19676	
  17.53000	   0.19753	
  17.54000	   0.19830	
  17.55000	   0.19905	
  17.56000	   0.19981	
  17.57000	   0.20056	
  17.58000	   0.20130	
  17.59000	   0.20204	
  17.60000	   0.20277	
  17.61000	   0.20350	
  17.62000	   0.20422	
  17.63000	   0.20494	
  17.64000	   0.20566	
  17.65000	   0.20636	
  17.66000	   0.20707	
  17.67000	   0.20777	
  17.68000	   0.20846	
  17.69000	   0.20915	
  17.70000	   0.20983	
  17.71000	   0.21050	
  17.72000	   0.21118	
  17.73000	   0.21184	
  17.74000	   0.21250	
  17.75000	   0.21316	
  17.76000	   0.21381	
  17.77000	   0.21446	
  17.78000	   0.21510	
  17.79000	   0.21573	
  17.80000	   0.21636	
  17.81000	   0.21698	
  17.82000	   0.21760	
  17.83000	   0.21821	
  17.84000	   0.21882	
  17.85000	   0.21942	
  17.86000	   0.22002	
  17.87000	   0.22061	
  17.88000	   0.22119	
  17.89000	   0.22177	
  17.90000	   0.22235	
  17.91000	   0.22292	
  17.92000	   0.22348	
  17.93000	   0.22404	
  17.94000	   0.22459	
  17.95000	   0.22514	
  17.96000	   0.22568	
  17.97000	   0.22621	
  17.98000	   0.22674	
  17.99000	   0.22726	
  18.00000	   0.22778	
  18.01000	   0.22829	
  18.02000	   0.22880	
  18.03000	   0.22930	
  18.04000	   0.22980	
  18.05000	   0.23029	
  18.06000	   0.23077	
  18.07000	   0.23125	
  18.08000	   0.23172	
  18.09000	   0.23219	
  18.10000	   0.23265	
  18.11000	   0.23310	
  18.12000	   0.23355	
  18.13000	   0.23399	
  18.14000	   0.23443	
  18.15000	   0.23486	
  18.16000	   0.23529	
  18.17000	   0.23571	
  18.18000	   0.23612	
  18.19000	   0.23653	
  18.20000	   0.23693	
  18.21000	   0.23733	
  18.22000	   0.23772	
  18.23000	   0.23810	
  18.24000	   0.23848	
  18.25000	   0.23885	
  18.26000	   0.23922	
  18.27000	   0.23958	
  18.28000	   0.23993	
  18.29000	   0.24028	
  18.30000	   0.24062	
  18.31000	   0.24096	
  18.32000	   0.24129	
  18.33000	   0.24161	
  18.34000	   0.24193	
  18.35000	   0.24224	
  18.36000	   0.24255	
  18.37000	   0.24285	
  18.38000	   0.24314	
  18.39000	   0.24343	
  18.40000	   0.24371	
  18.41000	   0.24399	
  18.42000	   0.24426	
  18.43000	   0.24452	
  18.44000	   0.24478	
  18.45000	   0.24503	
  18.46000	   0.24527	
  18.47000	   0.24551	
  18.48000	   0.24574	
  18.49000	   0.24597	
  18.50000	   0.24619	
  18.51000	   0.24641	
  18.52000	   0.24661	
  18.53000	   0.24682	
  18.54000	   0.24701	
  18.55000	   0.24720	
  18.56000	   0.24738	
  18.57000	   0.24756	
  18.58000	   0.24773	
  18.59000	   0.24790	
  18.60000	   0.24806	
  18.61000	   0.24821	
  18.62000	   0.24835	
  18.63000	   0.24849	
  18.64000	   0.24863	
  18.65000	   0.24876	
  18.66000	   0.24888	
  18.67000	   0.24899	
  18.68000	   0.24910	
  18.69000	   0.24920	
  18.70000	   0.24930	
  18.71000	   0.24939	
  18.72000	   0.24948	
  18.73000	   0.24955	
  18.74000	   0.24962	
  18.75000	   0.24969	
  18.76000	   0.24975	
  18.77000	   0.24980	
  18.78000	   0.24985	
  18.79000	   0.24989	
  18.80000	   0.24992	
  18.81000	   0.24995	
  18.82000	   0.24997	
  18.83000	   0.24999	
  18.84000	   0.25000	
  18.85000	   0.25000	
  18.86000	   0.25000	
  18.87000	   0.24999	
  18.88000	   0.24997	
  18.89000	   0.24995	
  18.90000	   0.24992	
  18.91000	   0.24989	
  18.92000	   0.24984	
  18.93000	   0.24980	
  18.94000	   0.24974	
  18.95000	   0.24968	
  18.96000	   0.24962	
  18.97000	   0.24955	
  18.98000	   0.24947	
  18.99000	   0.24938	
  19.00000	   0.24929	
  19.01000	   0.24920	
  19.02000	   0.24909	
  19.03000	   0.24898	
  19.04000	   0.24887	
  19.05000	   0.24874	
  19.06000	   0.24862	
  19.07000	   0.24848	
  19.08000	   0.24834	
  19.09000	   0.24819	
  19.10000	   0.24804	
  19.11000	   0.24788	
  19.12000	   0.24772	
  19.13000	   0.24755	
  19.14000	   0.24737	
  19.15000	   0.24718	
  19.16000	   0.24699	
  19.17000	   0.24680	
  19.18000	   0.24659	
  19.19000	   0.24639	
  19.20000	   0.24617	
  19.21000	   0.24595	
  19.22000	   0.24572	
  19.23000	   0.24549	
  19.24000	   0.24525	
  19.25000	   0.24501	
  19.26000	   0.24475	
  19.27000	   0.24450	
  19.28000	   0.24423	
  19.29000	   0.24396	
  19.30000	   0.24369	
  19.31000	   0.24340	
  19.32000	   0.24312	
  19.33000	   0.24282	
  19.34000	   0.24252	
  19.35000	   0.24221	
  19.36000	   0.24190	
  19.37000	   0.24158	
  19.38000	   0.24126	
  19.39000	   0.24093	
  19.40000	   0.24059	
  19.41000	   0.24025	
  19.42000	   0.23990	
  19.43000	   0.23954	
  19.44000	   0.23918	
  19.45000	   0.23882	
  19.46000	   0.23844	
  19.47000	   0.23807	
  19.48000	   0.23768	
  19.49000	   0.23729	
  19.50000	   0.23689	
  19.51000	   0.23649	
  19.52000	   0.23608	
  19.53000	   0.23567	
  19.54000	   0.23525	
  19.55000	   0.23482	
  19.56000	   0.23439	
  19.57000	   0.23395	
  19.58000	   0.23351	
  19.59000	   0.23306	
  19.60000	   0.23261	
  19.61000	   0.23215	
  19.62000	   0.23168	
  19.63000	   0.23121	
  19.64000	   0.23073	
  19.65000	   0.23024	
  19.66000	   0.22975	
  19.67000	   0.22926	
  19.68000	   0.22876	
  19.69000	   0.22825	
  19.70000	   0.22774	
  19.71000	   0.22722	
  19.72000	   0.22669	
  19.73000	   0.22616	
  19.74000	   0.22563	
  19.75000	   0.22509	
  19.76000	   0.22454	
  19.77000	   0.22399	
  19.78000	   0.22343	
  19.79000	   0.22287	
  19.80000	   0.22230	
  19.81000	   0.22172	
  19.82000	   0.22114	
  19.83000	   0.22056	
  19.84000	   0.21997	
  19.85000	   0.21937	
  19.86000	   0.21877	
  19.87000	   0.21816	
  19.88000	   0.21755	
  19.89000	   0.21693	
  19.90000	   0.21630	
  19.91000	   0.21567	
  19.92000	   0.21504	
  19.93000	   0.21440	
  19.94000	   0.21375	
  19.95000	   0.21310	
  19.96000	   0.21245	
  19.97000	   0.21178	
  19.98000	   0.21112	
  19.99000	   0.21044	
  20.00000	   0.20977	
  20.01000	   0.20908	
  20.02000	   0.20840	
  20.03000	   0.20770	
  20.04000	   0.20701	
  20.05000	   0.20630	
  20.06000	   0.20559	
  20.07000	   0.20488	
  20.08000	   0.20416	
  20.09000	   0.20344	
  20.10000	   0.20271	
  20.11000	   0.20197	
  20.12000	   0.20123	
  20.13000	   0.20049	
  20.14000	   0.19974	
  20.15000	   0.19899	
  20.16000	   0.19823	
  20.17000	   0.19746	
  20.18000	   0.19669	
  20.19000	   0.19592	
  20.20000	   0.19514	
  20.21000	   0.19436	
  20.22000	   0.19357	
  20.23000	   0.19278	
  20.24000	   0.19198	
  20.25000	   0.19117	
  20.26000	   0.19037	
  20.27000	   0.18955	
  20.28000	   0.18874	
  20.29000	   0.18791	
  20.30000	   0.18709	
  20.31000	   0.18626	
  20.32000	   0.18542	
  20.33000	   0.18458	
  20.34000	   0.18373	
  20.35000	   0.18288	
  20.36000	   0.18203	
  20.37000	   0.18117	
  20.38000	   0.18031	
  20.39000	   0.17944	
  20.40000	   0.17857	
  20.41000	   0.17769	
  20.42000	   0.17681	
  20.43000	   0.17592	
  20.44000	   0.17503	
  20.45000	   0.17414	
  20.46000	   0.17324	
  20.47000	   0.17233	
  20.48000	   0.17143	
  20.49000	   0.17051	
  20.50000	   0.16960	
  20.51000	   0.16868	
  20.52000	   0.16775	
  20.53000	   0.16682	
  20.54000	   0.16589	
  20.55000	   0.16495	
  20.56000	   0.16401	
  20.57000	   0.16307	
  20.58000	   0.16212	
  20.59000	   0.16116	
  20.60000	   0.16021	
  20.61000	   0.15924	
  20.62000	   0.15828	
  20.63000	   0.15731	
  20.64000	   0.15634	
  20.65000	   0.15536	
  20.66000	   0.15438	
  20.67000	   0.15339	
  20.68000	   0.15240	
  20.69000	   0.15141	
  20.70000	   0.15041	
  20.71000	   0.14941	
  20.72000	   0.14841	
  20.73000	   0.14740	
  20.74000	   0.14639	
  20.75000	   0.14538	
  20.76000	   0.14436	
  20.77000	   0.14333	
  20.78000	   0.14231	
  20.79000	   0.14128	
  20.80000	   0.14025	
  20.81000	   0.13921	
  20.82000	   0.13817	
  20.83000	   0.13713	
  20.84000	   0.13608	
  20.85000	   0.13503	
  20.86000	   0.13397	
  20.87000	   0.13292	
  20.88000	   0.13186	
  20.89000	   0.13079	
  20.90000	   0.12973	
  20.91000	   0.12866	
  20.92000	   0.12758	
  20.93000	   0.12651	
  20.94000	   0.12543	
  20.95000	   0.12434	
  20.96000	   0.12326	
  20.97000	   0.12217	
  20.98000	   0.12108	
  20.99000	   0.11998	
  21.00000	   0.11888	
  21.01000	   0.11778	
  21.02000	   0.11668	
  21.03000	   0.11557	
  21.04000	   0.11446	
  21.05000	   0.11335	
  21.06000	   0.11223	
  21.07000	   0.11112	
  21.08000	   0.10999	
  21.09000	   0.10887	
  21.10000	   0.10774	
  21.11000	   0.10661	
  21.12000	   0.10548	
  21.13000	   0.10435	
  21.14000	   0.10321	
  21.15000	   0.10207	
  21.16000	   0.10093	
  21.17000	   0.09978	
  21.18000	   0.09864	
  21.19000	   0.09749	
  21.20000	   0.09633	
  21.21000	   0.09518	
  21.22000	   0.09402	
  21.23000	   0.09286	
  21.24000	   0.09170	
  21.25000	   0.09054	
  21.26000	   0.08937	
  21.27000	   0.08820	
  21.28000	   0.08703	
  21.29000	   0.08586	
  21.30000	   0.08468	
  21.31000	   0.08351	
  21.32000	   0.08233	
  21.33000	   0.08115	
  21.34000	   0.07996	
  21.35000	   0.07878	
  21.36000	   0.07759	
  21.37000	   0.07640	
  21.38000	   0.07521	
  21.39000	   0.07402	
  21.40000	   0.07282	
  21.41000	   0.07163	
  21.42000	   0.07043	
  21.43000	   0.06923	
  21.44000	   0.06802	
  21.45000	   0.06682	
  21.46000	   0.06562	
  21.47000	   0.06441	
  21.48000	   0.06320	
  21.49000	   0.06199	
  21.50000	   0.06078	
  21.51000	   0.05956	
  21.52000	   0.05835	
  21.53000	   0.05713	
  21.54000	   0.05592	
  21.55000	   0.05470	
  21.56000	   0.05348	
  21.57000	   0.05226	
  21.58000	   0.05103	
  21.59000	   0.04981	
  21.60000	   0.04858	
  21.61000	   0.04736	
  21.62000	   0.04613	
  21.63000	   0.04490	
  21.64000	   0.04367	
  21.65000	   0.04244	
  21.66000	   0.04120	
  21.67000	   0.03997	
  21.68000	   0.03874	
  21.69000	   0.03750	
  21.70000	   0.03627	
  21.71000	   0.03503	
  21.72000	   0.03379	
  21.73000	   0.03255	
  21.74000	   0.03131	
  21.75000	   0.03007	
  21.76000	   0.02883	
  21.77000	   0.02759	
  21.78000	   0.02634	
  21.79000	   0.02510	
  21.80000	   0.02386	
  21.81000	   0.02261	
  21.82000	   0.02137	
  21.83000	   0.02012	
  21.84000	   0.01888	
  21.85000	   0.01763	
  21.86000	   0.01638	
  21.87000	   0.01513	
  21.88000	   0.01389	
  21.89000	   0.01264	
  21.90000	   0.01139	
  21.91000	   0.01014	
  21.92000	   0.00889	
  21.93000	   0.00764	
  21.94000	   0.00639	
  21.95000	   0.00514	
  21.96000	   0.00389	
  21.97000	   0.00264	
  21.98000	   0.00139	
  21.99000	   0.00014	
  22.00000	  -0.00111	
  22.01000	  -0.00236	
  22.02000	  -0.00361	
  22.03000	  -0.00486	
  22.04000	  -0.00611	
  22.05000	  -0.00736	
  22.06000	  -0.00860	
  22.07000	  -0.00985	
  22.08000	  -0.01110	
  22.09000	  -0.01235	
  22.10000	  -0.01360	
  22.11000	  -0.01485	
  22.12000	  -0.01610	
  22.13000	  -0.01734	
  22.14000	  -0.01859	
  22.15000	  -0.01984	
  22.16000	  -0.02108	
  22.17000	  -0.02233	
  22.18000	  -0.02357	
  22.19000	  -0.02482	
  22.20000	  -0.02606	
  22.21000	  -0.02730	
  22.22000	  -0.02854	
  22.23000	  -0.02979	
  22.24000	  -0.03103	
  22.25000	  -0.03227	
  22.26000	  -0.03351	
  22.27000	  -0.03474	
  22.28000	  -0.03598	
  22.29000	  -0.03722	
  22.30000	  -0.03845	
  22.31000	  -0.03969	
  22.32000	  -0.04092	
  22.33000	  -0.04215	
  22.34000	  -0.04339	
  22.35000	  -0.04462	
  22.36000	  -0.04585	
  22.37000	  -0.04707	
  22.38000	  -0.04830	
  22.39000	  -0.04953	
  22.40000	  -0.05075	
  22.41000	  -0.05197	
  22.42000	  -0.05320	
  22.43000	  -0.05442	
  22.44000	  -0.05564	
  22.45000	  -0.05685	
  22.46000	  -0.05807	
  22.47000	  -0.05929	
  22.48000	  -0.06050	
  22.49000	  -0.06171	
  22.50000	  -0.06292	
  22.51000	  -0.06413	
  22.52000	  -0.06534	
  22.53000	  -0.06654	
  22.54000	  -0.06775	
  22.55000	  -0.06895	
  22.56000	  -0.07015	
  22.57000	  -0.07135	
  22.58000	  -0.07255	
  22.59000	  -0.07374	
  22.60000	  -0.07494	
  22.61000	  -0.07613	
  22.62000	  -0.07732	
  22.63000	  -0.07851	
  22.64000	  -0.07969	
  22.65000	  -0.08087	
  22.66000	  -0.08206	
  22.67000	  -0.08324	
  22.68000	  -0.08441	
  22.69000	  -0.08559	
  22.70000	  -0.08676	
  22.71000	  -0.08793	
  22.72000	  -0.08910	
  22.73000	  -0.09027	
  22.74000	  -0.09143	
  22.75000	  -0.09260	
  22.76000	  -0.09376	
  22.77000	  -0.09491	
  22.78000	  -0.09607	
  22.79000	  -0.09722	
  22.80000	  -0.09837	
  22.81000	  -0.09952	
  22.82000	  -0.10067	
  22.83000	  -0.10181	
  22.84000	  -0.10295	
  22.85000	  -0.10409	
  22.86000	  -0.10522	
  22.87000	  -0.10635	
  22.88000	  -0.10748	
  22.89000	  -0.10861	
  22.90000	  -0.10974	
  22.91000	  -0.11086	
  22.92000	  -0.11198	
  22.93000	  -0.11309	
  22.94000	  -0.11421	
  22.95000	  -0.11532	
  22.96000	  -0.11642	
  22.97000	  -0.11753	
  22.98000	  -0.11863	
  22.99000	  -0.11973	
  23.00000	  -0.12083	
  23.01000	  -0.12192	
  23.02000	  -0.12301	
  23.03000	  -0.12410	
  23.04000	  -0.12518	
  23.05000	  -0.12626	
  23.06000	  -0.12734	
  23.07000	  -0.12841	
  23.08000	  -0.12948	
  23.09000	  -0.13055	
  23.10000	  -0.13161	
  23.11000	  -0.13267	
  23.12000	  -0.13373	
  23.13000	  -0.13479	
  23.14000	  -0.13584	
  23.15000	  -0.13689	
  23.16000	  -0.13793	
  23.17000	  -0.13897	
  23.18000	  -0.14001	
  23.19000	  -0.14104	
  23.20000	  -0.14207	
  23.21000	  -0.14310	
  23.22000	  -0.14412	
  23.23000	  -0.14514	
  23.24000	  -0.14616	
  23.25000	  -0.14717	
  23.26000	  -0.14818	
  23.27000	  -0.14918	
  23.28000	  -0.15018	
  23.29000	  -0.15118	
  23.30000	  -0.15218	
  23.31000	  -0.15317	
  23.32000	  -0.15415	
  23.33000	  -0.15513	
  23.34000	  -0.15611	
  23.35000	  -0.15709	
  23.36000	  -0.15806	
  23.37000	  -0.15902	
  23.38000	  -0.15999	
  23.39000	  -0.16094	
  23.40000	  -0.16190	
  23.41000	  -0.16285	
  23.42000	  -0.16380	
  23.43000	  -0.16474	
  23.44000	  -0.16568	
  23.45000	  -0.16661	
  23.46000	  -0.16754	
  23.47000	  -0.16847	
  23.48000	  -0.16939	
  23.49000	  -0.17030	
  23.50000	  -0.17122	
  23.51000	  -0.17213	
  23.52000	  -0.17303	
  23.53000	  -0.17393	
  23.54000	  -0.17483	
  23.55000	  -0.17572	
  23.56000	  -0.17660	
  23.57000	  -0.17749	
  23.58000	  -0.17836	
  23.59000	  -0.17924	
  23.60000	  -0.18011	
  23.61000	  -0.18097	
  23.62000	  -0.18183	
  23.63000	  -0.18269	
  23.64000	  -0.18354	
  23.65000	  -0.18439	
  23.66000	  -0.18523	
  23.67000	  -0.18606	
  23.68000	  -0.18690	
  23.69000	  -0.18772	
  23.70000	  -0.18855	
  23.71000	  -0.18937	
  23.72000	  -0.19018	
  23.73000	  -0.19099	
  23.74000	  -0.19179	
  23.75000	  -0.19259	
  23.76000	  -0.19339	
  23.77000	  -0.19418	
  23.78000	  -0.19496	
  23.79000	  -0.19574	
  23.80000	  -0.19652	
  23.81000	  -0.19729	
  23.82000	  -0.19805	
  23.83000	  -0.19881	
  23.84000	  -0.19957	
  23.85000	  -0.20032	
  23.86000	  -0.20106	
  23.87000	  -0.20180	
  23.88000	  -0.20254	
  23.89000	  -0.20327	
  23.90000	  -0.20400	
  23.91000	  -0.20472	
  23.92000	  -0.20543	
  23.93000	  -0.20614	
  23.94000	  -0.20684	
  23.95000	  -0.20754	
  23.96000	  -0.20824	
  23.97000	  -0.20893	
  23.98000	  -0.20961	
  23.99000	  -0.21029	
  24.00000	  -0.21096	
  24.01000	  -0.21163	
  24.02000	  -0.21229	
  24.03000	  -0.21295	
  24.04000	  -0.21360	
  24.05000	  -0.21425	
  24.06000	  -0.21489	
  24.07000	  -0.21553	
  24.08000	  -0.21616	
  24.09000	  -0.21678	
  24.10000	  -0.21740	
  24.11000	  -0.21802	
  24.12000	  -0.21863	
  24.13000	  -0.21923	
  24.14000	  -0.21983	
  24.15000	  -0.22042	
  24.16000	  -0.22101	
  24.17000	  -0.22159	
  24.18000	  -0.22217	
  24.19000	  -0.22274	
  24.20000	  -0.22330	
  24.21000	  -0.22386	
  24.22000	  -0.22441	
  24.23000	  -0.22496	
  24.24000	  -0.22550	
  24.25000	  -0.22604	
  24.26000	  -0.22657	
  24.27000	  -0.22710	
  24.28000	  -0.22762	
  24.29000	  -0.22813	
  24.30000	  -0.22864	
  24.31000	  -0.22914	
  24.32000	  -0.22964	
  24.33000	  -0.23013	
  24.34000	  -0.23062	
  24.35000	  -0.23110	
  24.36000	  -0.23157	
  24.37000	  -0.23204	
  24.38000	  -0.23250	
  24.39000	  -0.23296	
  24.40000	  -0.23341	
  24.41000	  -0.23385	
  24.42000	  -0.23429	
  24.43000	  -0.23472	
  24.44000	  -0.23515	
  24.45000	  -0.23557	
  24.46000	  -0.23599	
  24.47000	  -0.23640	
  24.48000	  -0.23680	
  24.49000	  -0.23720	
  24.50000	  -0.23759	
  24.51000	  -0.23798	
  24.52000	  -0.23836	
  24.53000	  -0.23873	
  24.54000	  -0.23910	
  24.55000	  -0.23946	
  24.56000	  -0.23982	
  24.57000	  -0.24017	
  24.58000	  -0.24051	
  24.59000	  -0.24085	
  24.60000	  -0.24118	
  24.61000	  -0.24151	
  24.62000	  -0.24183	
  24.63000	  -0.24214	
  24.64000	  -0.24245	
  24.65000	  -0.24275	
  24.66000	  -0.24305	
  24.67000	  -0.24334	
  24.68000	  -0.24362	
  24.69000	  -0.24390	
  24.70000	  -0.24417	
  24.71000	  -0.24444	
  24.72000	  -0.24469	
  24.73000	  -0.24495	
  24.74000	  -0.24519	
  24.75000	  -0.24544	
  24.76000	  -0.24567	
  24.77000	  -0.24590	
  24.78000	  -0.24612	
  24.79000	  -0.24634	
  24.80000	  -0.24655	
  24.81000	  -0.24675	
  24.82000	  -0.24695	
  24.83000	  -0.24714	
  24.84000	  -0.24733	
  24.85000	  -0.24751	
  24.86000	  -0.24768	
  24.87000	  -0.24785	
  24.88000	  -0.24801	
  24.89000	  -0.24816	
  24.90000	  -0.24831	
  24.91000	  -0.24845	
  24.92000	  -0.24859	
  24.93000	  -0.24872	
  24.94000	  -0.24884	
  24.95000	  -0.24896	
  24.96000	  -0.24907	
  24.97000	  -0.24917	
  24.98000	  -0.24927	
  24.99000	  -0.24936	
  25.00000	  -0.24945	
  25.01000	  -0.24953	
  25.02000	  -0.24960	
  25.03000	  -0.24967	
  25.04000	  -0.24973	
  25.05000	  -0.24979	
  25.06000	  -0.24983	
  25.07000	  -0.24988	
  25.08000	  -0.24991	
  25.09000	  -0.24994	
  25.10000	  -0.24997	
  25.11000	  -0.24998	
  25.12000	  -0.24999	
  25.13000	  -0.25000	
  25.14000	  -0.25000	
  25.15000	  -0.24999	
  25.16000	  -0.24998	
  25.17000	  -0.24996	
  25.18000	  -0.24993	
  25.19000	  -0.24990	
  25.20000	  -0.24986	
  25.21000	  -0.24981	
  25.22000	  -0.24976	
  25.23000	  -0.24970	
  25.24000	  -0.24964	
  25.25000	  -0.24957	
  25.26000	  -0.24949	
  25.27000	  -0.24941	
  25.28000	  -0.24932	
  25.29000	  -0.24923	
  25.30000	  -0.24913	
  25.31000	  -0.24902	
  25.32000	  -0.24890	
  25.33000	  -0.24878	
  25.34000	  -0.24866	
  25.35000	  -0.24853	
  25.36000	  -0.24839	
  25.37000	  -0.24824	
  25.38000	  -0.24809	
  25.39000	  -0.24793	
  25.40000	  -0.24777	
  25.41000	  -0.24760	
  25.42000	  -0.24743	
  25.43000	  -0.24724	
  25.44000	  -0.24706	
  25.45000	  -0.24686	
  25.46000	  -0.24666	
  25.47000	  -0.24645	
  25.48000	  -0.24624	
  25.49000	  -0.24602	
  25.50000	  -0.24580	
  25.51000	  -0.24557	
  25.52000	  -0.24533	
  25.53000	  -0.24508	
  25.54000	  -0.24483	
  25.55000	  -0.24458	
  25.56000	  -0.24432	
  25.57000	  -0.24405	
  25.58000	  -0.24377	
  25.59000	  -0.24349	
  25.60000	  -0.24321	
  25.61000	  -0.24292	
  25.62000	  -0.24262	
  25.63000	  -0.24231	
  25.64000	  -0.24200	
  25.65000	  -0.24168	
  25.66000	  -0.24136	
  25.67000	  -0.24103	
  25.68000	  -0.24070	
  25.69000	  -0.24036	
  25.70000	  -0.24001	
  25.71000	  -0.23966	
  25.72000	  -0.23930	
  25.73000	  -0.23893	
  25.74000	  -0.23856	
  25.75000	  -0.23819	
  25.76000	  -0.23780	
  25.77000	  -0.23742	
  25.78000	  -0.23702	
  25.79000	  -0.23662	
  25.80000	  -0.23621	
  25.81000	  -0.23580	
  25.82000	  -0.23538	
  25.83000	  -0.23496	
  25.84000	  -0.23453	
  25.85000	  -0.23409	
  25.86000	  -0.23365	
  25.87000	  -0.23321	
  25.88000	  -0.23275	
  25.89000	  -0.23229	
  25.90000	  -0.23183	
  25.91000	  -0.23136	
  25.92000	  -0.23088	
  25.93000	  -0.23040	
  25.94000	  -0.22991	
  25.95000	  -0.22942	
  25.96000	  -0.22892	
  25.97000	  -0.22841	
  25.98000	  -0.22790	
  25.99000	  -0.22738	
  26.00000	  -0.22686	
  26.01000	  -0.22633	
  26.02000	  -0.22580	
  26.03000	  -0.22526	
  26.04000	  -0.22472	
  26.05000	  -0.22416	
  26.06000	  -0.22361	
  26.07000	  -0.22305	
  26.08000	  -0.22248	
  26.09000	  -0.22191	
  26.10000	  -0.22133	
  26.11000	  -0.22074	
  26.12000	  -0.22015	
  26.13000	  -0.21956	
  26.14000	  -0.21896	
  26.15000	  -0.21835	
  26.16000	  -0.21774	
  26.17000	  -0.21712	
  26.18000	  -0.21650	
  26.19000	  -0.21587	
  26.20000	  -0.21524	
  26.21000	  -0.21460	
  26.22000	  -0.21396	
  26.23000	  -0.21331	
  26.24000	  -0.21266	
  26.25000	  -0.21200	
  26.26000	  -0.21133	
  26.27000	  -0.21066	
  26.28000	  -0.20998	
  26.29000	  -0.20930	
  26.30000	  -0.20862	
  26.31000	  -0.20793	
  26.32000	  -0.20723	
  26.33000	  -0.20653	
  26.34000	  -0.20582	
  26.35000	  -0.20511	
  26.36000	  -0.20439	
  26.37000	  -0.20367	
  26.38000	  -0.20294	
  26.39000	  -0.20221	
  26.40000	  -0.20147	
  26.41000	  -0.20073	
  26.42000	  -0.19998	
  26.43000	  -0.19923	
  26.44000	  -0.19847	
  26.45000	  -0.19771	
  26.46000	  -0.19694	
  26.47000	  -0.19617	
  26.48000	  -0.19539	
  26.49000	  -0.19461	
  26.50000	  -0.19382	
  26.51000	  -0.19303	
  26.52000	  -0.19223	
  26.53000	  -0.19143	
  26.54000	  -0.19062	
  26.55000	  -0.18981	
  26.56000	  -0.18900	
  26.57000	  -0.18818	
  26.58000	  -0.18735	
  26.59000	  -0.18652	
  26.60000	  -0.18569	
  26.61000	  -0.18485	
  26.62000	  -0.18400	
  26.63000	  -0.18316	
  26.64000	  -0.18230	
  26.65000	  -0.18144	
  26.66000	  -0.18058	
  26.67000	  -0.17972	
  26.68000	  -0.17884	
  26.69000	  -0.17797	
  26.70000	  -0.17709	
  26.71000	  -0.17620	
  26.72000	  -0.17532	
  26.73000	  -0.17442	
  26.74000	  -0.17352	
  26.75000	  -0.17262	
  26.76000	  -0.17172	
  26.77000	  -0.17081	
  26.78000	  -0.16989	
  26.79000	  -0.16897	
  26.80000	  -0.16805	
  26.81000	  -0.16712	
  26.82000	  -0.16619	
  26.83000	  -0.16525	
  26.84000	  -0.16431	
  26.85000	  -0.16337	
  26.86000	  -0.16242	
  26.87000	  -0.16147	
  26.88000	  -0.16051	
  26.89000	  -0.15955	
  26.90000	  -0.15859	
  26.91000	  -0.15762	
  26.92000	  -0.15665	
  26.93000	  -0.15567	
  26.94000	  -0.15469	
  26.95000	  -0.15371	
  26.96000	  -0.15272	
  26.97000	  -0.15173	
  26.98000	  -0.15073	
  26.99000	  -0.14973	
  27.00000	  -0.14873	
  27.01000	  -0.14772	
  27.02000	  -0.14671	
  27.03000	  -0.14570	
  27.04000	  -0.14468	
  27.05000	  -0.14366	
  27.06000	  -0.14264	
  27.07000	  -0.14161	
  27.08000	  -0.14058	
  27.09000	  -0.13954	
  27.10000	  -0.13850	
  27.11000	  -0.13746	
  27.12000	  -0.13641	
  27.13000	  -0.13536	
  27.14000	  -0.13431	
  27.15000	  -0.13325	
  27.16000	  -0.13220	
  27.17000	  -0.13113	
  27.18000	  -0.13007	
  27.19000	  -0.12900	
  27.20000	  -0.12793	
  27.21000	  -0.12685	
  27.22000	  -0.12577	
  27.23000	  -0.12469	
  27.24000	  -0.12360	
  27.25000	  -0.12252	
  27.26000	  -0.12143	
  27.27000	  -0.12033	
  27.28000	  -0.11923	
  27.29000	  -0.11813	
  27.30000	  -0.11703	
  27.31000	  -0.11592	
  27.32000	  -0.11482	
  27.33000	  -0.11370	
  27.34000	  -0.11259	
  27.35000	  -0.11147	
  27.36000	  -0.11035	
  27.37000	  -0.10923	
  27.38000	  -0.10810	
  27.39000	  -0.10697	
  27.40000	  -0.10584	
  27.41000	  -0.10471	
  27.42000	  -0.10357	
  27.43000	  -0.10243	
  27.44000	  -0.10129	
  27.45000	  -0.10015	
  27.46000	  -0.09900	
  27.47000	  -0.09785	
  27.48000	  -0.09670	
  27.49000	  -0.09555	
  27.50000	  -0.09439	
  27.51000	  -0.09323	
  27.52000	  -0.09207	
  27.53000	  -0.09091	
  27.54000	  -0.08974	
  27.55000	  -0.08858	
  27.56000	  -0.08741	
  27.57000	  -0.08623	
  27.58000	  -0.08506	
  27.59000	  -0.08388	
  27.60000	  -0.08270	
  27.61000	  -0.08152	
  27.62000	  -0.08034	
  27.63000	  -0.07916	
  27.64000	  -0.07797	
  27.65000	  -0.07678	
  27.66000	  -0.07559	
  27.67000	  -0.07440	
  27.68000	  -0.07320	
  27.69000	  -0.07201	
  27.70000	  -0.07081	
  27.71000	  -0.06961	
  27.72000	  -0.06841	
  27.73000	  -0.06720	
  27.74000	  -0.06600	
  27.75000	  -0.06479	
  27.76000	  -0.06359	
  27.77000	  -0.06238	
  27.78000	  -0.06116	
  27.79000	  -0.05995	
  27.80000	  -0.05874	
  27.81000	  -0.05752	
  27.82000	  -0.05630	
  27.83000	  -0.05509	
  27.84000	  -0.05387	
  27.85000	  -0.05264	
  27.86000	  -0.05142	
  27.87000	  -0.05020	
  27.88000	  -0.04897	
  27.89000	  -0.04775	
  27.90000	  -0.04652	
  27.91000	  -0.04529	
  27.92000	  -0.04406	
  27.93000	  -0.04283	
  27.94000	  -0.04160	
  27.95000	  -0.04036	
  27.96000	  -0.03913	
  27.97000	  -0.03790	
  27.98000	  -0.03666	
  27.99000	  -0.03542	
  28.00000	  -0.03418	
  28.01000	  -0.03295	
  28.02000	  -0.03171	
  28.03000	  -0.03047	
  28.04000	  -0.02922	
  28.05000	  -0.02798	
  28.06000	  -0.02674	
  28.07000	  -0.02550	
  28.08000	  -0.02425	
  28.09000	  -0.02301	
  28.10000	  -0.02176	
  28.11000	  -0.02052	
  28.12000	  -0.01927	
  28.13000	  -0.01803	
  28.14000	  -0.01678	
  28.15000	  -0.01553	
  28.16000	  -0.01428	
  28.17000	  -0.01304	
  28.18000	  -0.01179	
  28.19000	  -0.01054	
  28.20000	  -0.00929	
  28.21000	  -0.00804	
  28.22000	  -0.00679	
  28.23000	  -0.00554	
  28.24000	  -0.00429	
  28.25000	  -0.00304	
  28.26000	  -0.00179	
  28.27000	  -0.00054	
  28.28000	   0.00071	
  28.29000	   0.00196	
  28.30000	   0.00321	
  28.31000	   0.00446	
  28.32000	   0.00571	
  28.33000	   0.00696	
  28.34000	   0.00821	
  28.35000	   0.00946	
  28.36000	   0.01070	
  28.37000	   0.01195	
  28.38000	   0.01320	
  28.39000	   0.01445	
  28.40000	   0.01570	
  28.41000	   0.01695	
  28.42000	   0.01819	
  28.43000	   0.01944	
  28.44000	   0.02068	
  28.45000	   0.02193	
  28.46000	   0.02317	
  28.47000	   0.02442	
  28.48000	   0.02566	
  28.49000	   0.02691	
  28.50000	   0.02815	
  28.51000	   0.02939	
  28.52000	   0.03063	
  28.53000	   0.03187	
  28.54000	   0.03311	
  28.55000	   0.03435	
  28.56000	   0.03559	
  28.57000	   0.03682	
  28.58000	   0.03806	
  28.59000	   0.03929	
  28.60000	   0.04053	
  28.61000	   0.04176	
  28.62000	   0.04299	
  28.63000	   0.04422	
  28.64000	   0.04545	
  28.65000	   0.04668	
  28.66000	   0.04791	
  28.67000	   0.04914	
  28.68000	   0.05036	
  28.69000	   0.05158	
  28.70000	   0.05281	
  28.71000	   0.05403	
  28.72000	   0.05525	
  28.73000	   0.05647	
  28.74000	   0.05768	
  28.75000	   0.05890	
  28.76000	   0.06011	
  28.77000	   0.06133	
  28.78000	   0.06254	
  28.79000	   0.06375	
  28.80000	   0.06495	
  28.81000	   0.06616	
  28.82000	   0.06737	
  28.83000	   0.06857	
  28.84000	   0.06977	
  28.85000	   0.07097	
  28.86000	   0.07217	
  28.87000	   0.07336	
  28.88000	   0.07456	
  28.89000	   0.07575	
  28.90000	   0.07694	
  28.91000	   0.07813	
  28.92000	   0.07931	
  28.93000	   0.08050	
  28.94000	   0.08168	
  28.95000	   0.08286	
  28.96000	   0.08404	
  28.97000	   0.08522	
  28.98000	   0.08639	
  28.99000	   0.08756	
  29.00000	   0.08873	
  29.01000	   0.08990	
  29.02000	   0.09106	
  29.03000	   0.09223	
  29.04000	   0.09339	
  29.05000	   0.09455	
  29.06000	   0.09570	
  29.07000	   0.09686	
  29.08000	   0.09801	
  29.09000	   0.09916	
  29.10000	   0.10030	
  29.11000	   0.10145	
  29.12000	   0.10259	
  29.13000	   0.10372	
  29.14000	   0.10486	
  29.15000	   0.10599	
  29.16000	   0.10713	
  29.17000	   0.10825	
  29.18000	   0.10938	
  29.19000	   0.11050	
  29.20000	   0.11162	
  29.21000	   0.11274	
  29.22000	   0.11385	
  29.23000	   0.11496	
  29.24000	   0.11607	
  29.25000	   0.11718	
  29.26000	   0.11828	
  29.27000	   0.11938	
  29.28000	   0.12048	
  29.29000	   0.12157	
  29.30000	   0.12266	
  29.31000	   0.12375	
  29.32000	   0.12483	
  29.33000	   0.12592	
  29.34000	   0.12699	
  29.35000	   0.12807	
  29.36000	   0.12914	
  29.37000	   0.13021	
  29.38000	   0.13127	
  29.39000	   0.13234	
  29.40000	   0.13340	
  29.41000	   0.13445	
  29.42000	   0.13550	
  29.43000	   0.13655	
  29.44000	   0.13760	
  29.45000	   0.13864	
  29.46000	   0.13968	
  29.47000	   0.14071	
  29.48000	   0.14174	
  29.49000	   0.14277	
  29.50000	   0.14380	
  29.51000	   0.14482	
  29.52000	   0.14583	
  29.53000	   0.14685	
  29.54000	   0.14786	
  29.55000	   0.14886	
  29.56000	   0.14987	
  29.57000	   0.15086	
  29.58000	   0.15186	
  29.59000	   0.15285	
  29.60000	   0.15384	
  29.61000	   0.15482	
  29.62000	   0.15580	
  29.63000	   0.15678	
  29.64000	   0.15775	
  29.65000	   0.15872	
  29.66000	   0.15968	
  29.67000	   0.16064	
  29.68000	   0.16160	
  29.69000	   0.16255	
  29.70000	   0.16349	
  29.71000	   0.16444	
  29.72000	   0.16538	
  29.73000	   0.16631	
  29.74000	   0.16724	
  29.75000	   0.16817	
  29.76000	   0.16909	
  29.77000	   0.17001	
  29.78000	   0.17093	
  29.79000	   0.17184	
  29.80000	   0.17274	
  29.81000	   0.17364	
  29.82000	   0.17454	
  29.83000	   0.17543	
  29.84000	   0.17632	
  29.85000	   0.17721	
  29.86000	   0.17809	
  29.87000	   0.17896	
  29.88000	   0.17983	
  29.89000	   0.18070	
  29.90000	   0.18156	
  29.91000	   0.18242	
  29.92000	   0.18327	
  29.93000	   0.18412	
  29.94000	   0.18496	
  29.95000	   0.18580	
  29.96000	   0.18663	
  29.97000	   0.18746	
  29.98000	   0.18829	
  29.99000	   0.18911	
  30.00000	   0.18992
